1  -2.77556e-17  -6.93889e-17  0.0560998  0.15432  0.0548813  0.177275  0.0639727  -0.11913  0.105346  0.086099  -0.00558679  0.00474291  -0.0041783  -0.00169731  -0.0315258  

-2.77556e-17  1  -2.77556e-16  -0.0185549  -0.105701  -0.188311  -0.116389  -0.0426456  -0.12174  -0.0367715  -0.0600358  -0.0263374  -0.0350203  0.004782  0.0129873  0.0284497  

-6.93889e-17  -2.77556e-16  1  0.0841217  0.151237  -0.167265  0.170802  0.0605767  -0.221773  0.0150756  -0.0934286  -0.100571  -0.0181088  -0.089126  -0.0155528  0.0289485  




0  0  0  0.532871  -0.448831  0.717356  -0.448831  0.614779  0.779272  -0.27999  0.788073  0.325183  -0.927096  0.255768  -0.963167  0.090695  

0  0  0  0.828398  0.449654  -0.334019  0.449654  0.782544  -0.621911  -0.455733  0.3935  -0.919073  -0.263436  -0.964634  -0.248607  -0.659129  

0  0  0  -0.172644  0.772245  0.611418  0.772245  -0.0983392  -0.0772094  0.844934  0.473391  0.222622  0.266636  -0.0637475  -0.102485  0.746541  1  -2.77556e-17  -6.93889e-17  0.0560998  0.15432  0.0548813  0.177275  0.0639727  -0.11913  0.105346  0.086099  -0.00558679  0.00474291  -0.0041783  -0.00169731  -0.0315258  

-2.77556e-17  1  -2.77556e-16  -0.0185549  -0.105701  -0.188311  -0.116389  -0.0426456  -0.12174  -0.0367715  -0.0600358  -0.0263374  -0.0350203  0.004782  0.0129873  0.0284497  

-6.93889e-17  -2.77556e-16  1  0.0841217  0.151237  -0.167265  0.170802  0.0605767  -0.221773  0.0150756  -0.0934286  -0.100571  -0.0181088  -0.089126  -0.0155528  0.0289485  




0  0  0  0.532871  -0.448831  0.717356  -0.448831  0.614779  0.779272  -0.27999  0.788073  0.325183  -0.927096  0.255768  -0.963167  0.090695  

0  0  0  0.828398  0.449654  -0.334019  0.449654  0.782544  -0.621911  -0.455733  0.3935  -0.919073  -0.263436  -0.964634  -0.248607  -0.659129  

0  0  0  -0.172644  0.772245  0.611418  0.772245  -0.0983392  -0.0772094  0.844934  0.473391  0.222622  0.266636  -0.0637475  -0.102485  0.746541  1  -2.77556e-17  -6.93889e-17  0.0560998  0.15432  0.0548813  0.177275  0.0639727  -0.11913  0.105346  0.086099  -0.00558679  0.00474291  -0.0041783  -0.00169731  -0.0315258  

-2.77556e-17  1  -2.77556e-16  -0.0185549  -0.105701  -0.188311  -0.116389  -0.0426456  -0.12174  -0.0367715  -0.0600358  -0.0263374  -0.0350203  0.004782  0.0129873  0.0284497  

-6.93889e-17  -2.77556e-16  1  0.0841217  0.151237  -0.167265  0.170802  0.0605767  -0.221773  0.0150756  -0.0934286  -0.100571  -0.0181088  -0.089126  -0.0155528  0.0289485  




0  0  0  0.532871  -0.448831  0.717356  -0.448831  0.614779  0.779272  -0.27999  0.788073  0.325183  -0.927096  0.255768  -0.963167  0.090695  

0  0  0  0.828398  0.449654  -0.334019  0.449654  0.782544  -0.621911  -0.455733  0.3935  -0.919073  -0.263436  -0.964634  -0.248607  -0.659129  

0  0  0  -0.172644  0.772245  0.611418  0.772245  -0.0983392  -0.0772094  0.844934  0.473391  0.222622  0.266636  -0.0637475  -0.102485  0.746541  